CQ_04_DocteurPomme.swf Rapport sur l'animation
-----------------------------------------------

Métadonnées
-----------
octets        Valeur
----------    ------
       999    <rdf:RDF xmlns:rdf="http://www.w3.org/1999/02/22-rdf-syntax-ns#"> <rdf:Description rdf:about="" xmlns:xmp="http://ns.adobe.com/xap/1.0/"> <xmp:CreatorTool>Adobe Flash CS4 Professional</xmp:CreatorTool> <xmp:CreateDate>2009-12-03T08:34:38-05:00</xmp:CreateDate> <xmp:MetadataDate>2013-09-06T10:39:10-04:00</xmp:MetadataDate> <xmp:ModifyDate>2013-09-06T10:39:10-04:00</xmp:ModifyDate> </rdf:Description> <rdf:Description rdf:about="" xmlns:dc="http://purl.org/dc/elements/1.1/"> <dc:format>application/x-shockwave-flash</dc:format> </rdf:Description> <rdf:Description rdf:about="" xmlns:xmpMM="http://ns.adobe.com/xap/1.0/mm/" xmlns:stRef="http://ns.adobe.com/xap/1.0/sType/ResourceRef#"> <xmpMM:DerivedFrom rdf:parseType="Resource"> <stRef:instanceID>xmp.iid:FE610982FA14E3119EC6D1C7803F86F7</stRef:instanceID> <stRef:documentID>xmp.did:FE610982FA14E3119EC6D1C7803F86F7</stRef:documentID> <stRef:originalDocumentID>xmp.did:840437F111E0DE11B05BDCD773A31904</stRef:originalDocumentID> </xmpMM:DerivedFrom> <xmpMM:DocumentID>xmp.did:01620982FA14E3119EC6D1C7803F86F7</xmpMM:DocumentID> <xmpMM:InstanceID>xmp.iid:01620982FA14E3119EC6D1C7803F86F7</xmpMM:InstanceID> <xmpMM:OriginalDocumentID>xmp.did:840437F111E0DE11B05BDCD773A31904</xmpMM:OriginalDocumentID> </rdf:Description> </rdf:RDF> 

Image #    Octets de l'image    Octets totaux    Séquence
-------    -----------------    -------------    --------
      1                15104            15104    titre (Image d'exportation des classes AS 3.0)
      2                 3650            18754    animation
      3                   17            18771    
      4                  138            18909    
      5                  138            19047    
      6                  138            19185    
      7                  138            19323    
      8                  138            19461    
      9                  138            19599    
     10                  138            19737    
     11                 3698            23435    
     12                  138            23573    
     13                 3151            26724    
     14                  138            26862    
     15                 3188            30050    
     16                  138            30188    
     17                 2636            32824    
     18                  138            32962    
     19                 2683            35645    
     20                  130            35775    
     21                 2675            38450    
     22                  130            38580    
     23                 2674            41254    
     24                  130            41384    
     25                 2625            44009    
     26                  130            44139    
     27                  268            44407    
     28                  130            44537    
     29                  207            44744    
     30                  130            44874    
     31                  215            45089    
     32                  130            45219    
     33                  207            45426    
     34                  130            45556    
     35                  268            45824    
     36                  130            45954    
     37                  207            46161    
     38                  130            46291    
     39                  210            46501    
     40                  130            46631    
     41                  210            46841    
     42                  130            46971    
     43                  268            47239    
     44                  130            47369    
     45                  207            47576    
     46                  130            47706    
     47                  215            47921    
     48                  130            48051    
     49                  207            48258    
     50                  130            48388    
     51                  268            48656    
     52                  130            48786    
     53                  207            48993    
     54                  130            49123    
     55                  210            49333    
     56                  130            49463    
     57                  211            49674    
     58                  190            49864    
     59                  208            50072    
     60                  130            50202    
     61                  208            50410    
     62                  130            50540    
     63                  216            50756    
     64                  130            50886    
     65                  208            51094    
     66                  190            51284    
     67                  208            51492    
     68                  130            51622    
     69                  208            51830    
     70                  130            51960    
     71                  211            52171    
     72                  130            52301    
     73                  211            52512    
     74                  190            52702    
     75                  145            52847    
     76                  130            52977    
     77                  130            53107    
     78                  148            53255    
     79                  130            53385    
     80                  203            53588    
     81                  130            53718    
     82                  268            53986    
     83                  130            54116    
     84                  216            54332    
     85                  130            54462    
     86                  208            54670    
     87                  130            54800    
     88                  208            55008    
     89                  130            55138    
     90                  310            55448    
     91                 2784            58232    
     92                 1011            59243    
     93                  554            59797    
     94                  448            60245    
     95                  549            60794    
     96                  409            61203    
     97                  130            61333    
     98                  190            61523    
     99                  146            61669    
    100                  130            61799    
    101                  313            62112    
    102                  130            62242    
    103                  146            62388    
    104                  130            62518    
    105                  358            62876    
    106                  190            63066    
    107                  130            63196    
    108                  135            63331    
    109                  130            63461    
    110                  135            63596    
    111                  130            63726    
    112                  130            63856    
    113                  135            63991    
    114                  190            64181    
    115                  146            64327    
    116                  130            64457    
    117                  416            64873    
    118                  480            65353    
    119                  146            65499    
    120                  130            65629    
    121                  130            65759    
    122                  206            65965    
    123                  130            66095    
    124                  146            66241    
    125                  146            66387    
    126                  146            66533    
    127                  146            66679    
    128                  130            66809    
    129                  196            67005    
    130                  130            67135    
    131                  130            67265    
    132                  130            67395    
    133                  130            67525    
    134                  130            67655    
    135                  130            67785    
    136                  146            67931    
    137                  190            68121    
    138                  146            68267    
    139                  130            68397    
    140                  135            68532    
    141                  130            68662    
    142                  130            68792    
    143                  130            68922    
    144                  135            69057    
    145                  190            69247    
    146                  130            69377    
    147                  135            69512    
    148                  130            69642    
    149                  135            69777    
    150                  130            69907    
    151                  135            70042    
    152                  130            70172    
    153                  190            70362    
    154                  130            70492    
    155                  130            70622    
    156                  146            70768    
    157                  130            70898    
    158                  130            71028    
    159                  130            71158    
    160                  130            71288    
    161                  190            71478    
    162                  130            71608    
    163                  146            71754    
    164                  130            71884    
    165                  130            72014    
    166                  130            72144    
    167                  334            72478    
    168                  130            72608    
    169                  190            72798    
    170                  146            72944    
    171                  130            73074    
    172                  130            73204    
    173                  146            73350    
    174                  130            73480    
    175                  130            73610    
    176                  130            73740    
    177                  206            73946    
    178                  130            74076    
    179                  130            74206    
    180                  130            74336    
    181                  130            74466    
    182                  322            74788    
    183                  130            74918    
    184                  130            75048    
    185                  190            75238    
    186                  130            75368    
    187                  130            75498    
    188                  130            75628    
    189                  130            75758    
    190                  358            76116    
    191                  130            76246    
    192                  317            76563    
    193                  190            76753    
    194                  368            77121    
    195                  130            77251    
    196                  373            77624    
    197                    1            77625    
    198                  199            77824    
    199                  130            77954    
    200                  438            78392    
    201                  130            78522    
    202                  230            78752    
    203                  295            79047    
    204                  306            79353    
    205                  315            79668    
    206                  309            79977    
    207                  341            80318    
    208                  425            80743    
    209                  365            81108    
    210                  364            81472    
    211                  351            81823    
    212                  151            81974    
    213                  266            82240    
    214                  141            82381    
    215                  141            82522    
    216                  202            82724    
    217                  439            83163    
    218                 2116            85279    
    219                 2017            87296    
    220                  289            87585    
    221                 1686            89271    
    222                  259            89530    
    223                  237            89767    
    224                  493            90260    
    225                  272            90532    
    226                  226            90758    
    227                  357            91115    
    228                  252            91367    
    229                  130            91497    
    230                  262            91759    
    231                  262            92021    
    232                  325            92346    
    233                  135            92481    
    234                  135            92616    
    235                  135            92751    
    236                  135            92886    
    237                  135            93021    
    238                  241            93262    
    239                  130            93392    
    240                  203            93595    
    241                  138            93733    
    242                  138            93871    
    243                  138            94009    
    244                  138            94147    
    245                  138            94285    
    246                  138            94423    
    247                  138            94561    
    248                  199            94760    
    249                  138            94898    
    250                  138            95036    
    251                  138            95174    
    252                  138            95312    
    253                  138            95450    
    254                  138            95588    
    255                  138            95726    
    256                  199            95925    
    257                  138            96063    
    258                  138            96201    
    259                  138            96339    
    260                  138            96477    
    261                  138            96615    
    262                  138            96753    
    263                  138            96891    
    264                  199            97090    
    265                  138            97228    
    266                  138            97366    
    267                  138            97504    
    268                  138            97642    
    269                  138            97780    
    270                  138            97918    
    271                  199            98117    
    272                  138            98255    
    273                  134            98389    
    274                  130            98519    
    275                  130            98649    
    276                  130            98779    
    277                  130            98909    
    278                  130            99039    
    279                  190            99229    
    280                  130            99359    
    281                  130            99489    
    282                  130            99619    
    283                  130            99749    
    284                  130            99879    
    285                  162           100041    
    286                  130           100171    
    287                  190           100361    
    288                  130           100491    
    289                  130           100621    
    290                  130           100751    
    291                  130           100881    
    292                  130           101011    
    293                  130           101141    
    294                  361           101502    revoir

Séquence     Octets de la forme    Octets du texte    Octets ActionScript
---------    ------------------    ---------------    -------------------
titre                         0                  0                    535
animation                 10997                  0                      0
revoir                        0                 82                      0

Symbole                      Octets de la forme    Octets du texte    Octets ActionScript
-------------------------    ------------------    ---------------    -------------------
arbre                                      1054                  0                      0
bouche                                     1921                  0                      0
bras_angle_0                                214                  0                      0
bras_angle_1                                200                  0                      0
bras_angle_2                                220                  0                      0
bras_angle_3                                212                  0                      0
bras_angle_4                                230                  0                      0
bras_droit_face                             325                  0                      0
bras_gauche_face                            327                  0                      0
BtnDebut                                    186                153                      0
BtnRevoir                                   186                 65                      0
corps_face                                  602                  0                      0
decor                                       364                  0                      0
decor_pour_plan_rapproche                     0                  0                      0
dr_clip                                       0                  0                      0
dr_face                                       0                  0                      0
dr_profil_fixe                                0                  0                      0
dr_profil_marche                          20004                  0                      0
dr_profil_marche_avance                       0                  0                      0
main_4_doigts                               237                  0                      0
main_doigt                                  380                  0                      0
nuage                                       106                  0                      0
nuage2                                      110                  0                      0
pomme                                       372                  0                      0
ref_pour_dessin_g                             0                  0                      0
Symbole 1                                    32                  0                      0
Symbole 34                                    0                  0                      0
tete_face                                  1167                  0                      0

Nom de la police    octets        Caractères
----------------    ----------    ----------
VinerHandITC             12948     '?ABDEILMNORTUVbceilnorstu É

Octets ActionScript    Emplacement
-------------------    -----------
                535    titre:Image 1

Bitmap      Compressé     Original      Compression
--------    ----------    ----------    -----------
lune.bmp           582         10000    Qualité JPEG=50




